939.125732421875 278.7134094238281 4.4183007048559375e-06
604 282 0 6 0
658 282 0 7 0
728 282 0 7 -1
815 282 0 7 -1
925 282 0 8 0
1061 282 0 7 0
1228 283 0 9 0
1431 284 0 9 0
1673 284 0 8 0
1958 285 0 8 1
2288 287 0 8 0
2661 288 0 8 -1
3074 290 0 8 -1
3518 292 0 6 -1
3969 293 0 5 -1
4414 295 0 5 0
4854 298 0 5 0
5291 299 0 5 0
5722 300 0 6 0
6150 302 0 7 1
6574 303 0 9 3
6995 305 0 11 5
7415 309 0 12 7
7834 312 0 13 9
8250 313 0 10 10
8665 316 0 9 11
9079 319 0 8 13
9492 322 0 7 12
9906 326 0 5 11
10320 331 0 3 10
10734 336 0 2 9
11149 343 0 3 9
11565 350 0 4 7
11981 357 0 5 7
12397 363 0 5 7
12813 370 0 5 8
13230 377 0 5 8
13645 383 0 5 8
14060 390 0 3 10
14475 397 0 0 11
14889 403 0 1 10
15303 411 0 4 9
15717 419 0 4 6
16131 428 0 3 5
16548 439 0 2 5
16966 448 0 0 5
17385 456 0 0 6
17803 462 0 0 5
18219 469 0 0 4
18634 477 0 0 5
19048 486 0 0 5
19463 494 0 -1 5
19876 502 0 -2 4
20288 509 0 -2 4
