945.0177612304688 283.790771484375 3.874437425110955e-06
604 287 0 0 1
660 287 0 0 1
730 286 0 0 1
819 286 0 0 1
931 286 0 0 1
1069 286 0 0 1
1239 286 0 0 1
1445 286 0 0 1
1691 287 0 1 0
1981 288 0 2 0
2315 289 0 3 0
2692 290 0 3 -1
3111 291 0 4 0
3559 293 0 5 0
4015 294 0 5 1
4465 296 0 7 2
4910 297 0 8 3
5349 299 0 8 4
5783 299 0 9 6
6212 300 0 12 7
6637 301 0 13 9
7056 301 0 13 8
7470 302 0 11 9
7882 304 0 12 9
8290 306 0 11 8
8696 308 0 12 8
9100 309 0 13 9
9501 312 0 14 9
9903 317 0 14 11
10308 325 0 15 11
10717 333 0 14 8
11129 342 0 14 9
11544 350 0 14 8
11960 357 0 11 6
12377 364 0 10 7
12795 372 0 9 6
13214 381 0 8 4
13634 388 0 6 3
14056 396 0 6 3
14478 404 0 6 4
14900 412 0 7 5
15323 420 0 9 5
15745 426 0 10 4
16165 433 0 9 2
16585 441 0 6 1
17005 449 0 3 2
17424 456 0 3 5
17842 463 0 4 5
18259 470 0 4 5
18675 478 0 4 4
19090 487 0 3 3
19505 495 0 1 2
19920 504 0 0 2
20333 512 0 0 1
