948.2514038085938 281.4364929199219 4.1055973269976676e-06
604 284 0 3 -2
659 283 0 4 -2
729 283 0 4 -2
817 283 0 4 -2
927 283 0 4 -2
1065 283 0 4 -2
1233 283 0 4 -2
1438 283 0 4 -1
1682 283 0 4 -1
1969 284 0 5 -1
2299 285 0 6 -1
2674 287 0 6 -1
3091 289 0 6 -1
3538 290 0 7 -1
3992 292 0 7 0
4440 294 0 7 0
4883 295 0 9 2
5321 296 0 9 3
5754 297 0 9 3
6182 299 0 9 4
6605 300 0 8 4
7025 301 0 8 5
7441 303 0 7 4
7853 304 0 5 3
8263 306 0 2 3
8671 309 0 2 3
9079 314 0 2 4
9488 319 0 2 4
9900 326 0 3 5
10316 333 0 3 4
10734 339 0 2 4
11151 345 0 2 4
11568 350 0 2 3
11984 356 0 1 4
12399 362 0 2 5
12814 369 0 2 6
13228 375 0 3 7
13642 383 0 3 7
14058 391 0 3 7
14473 398 0 2 8
14888 404 0 2 8
15302 411 0 3 7
15717 419 0 4 7
16131 428 0 3 7
16547 437 0 2 7
16963 445 0 1 7
17379 453 0 0 7
17795 462 0 0 7
18211 470 0 0 6
18628 479 0 0 5
19043 487 0 0 5
19458 495 0 0 4
19872 503 0 0 4
20284 510 0 -1 4
