941.614501953125 283.84716796875 4.214793079881929e-06
604 287 0 -4 2
660 287 0 -4 2
730 286 0 -4 2
819 286 0 -4 2
930 286 0 -4 3
1068 286 0 -4 3
1238 286 0 -4 3
1444 289 0 1 5
1694 292 0 2 7
1988 294 0 1 8
2327 294 0 0 10
2710 295 0 -1 10
3134 295 0 -3 11
3587 297 0 -2 12
4048 299 0 0 13
4503 301 0 0 13
4953 303 0 0 14
5398 304 0 0 15
5838 305 0 0 16
6273 306 0 0 16
6704 307 0 1 17
7131 308 0 2 17
7553 308 0 3 18
7970 309 0 3 18
8383 309 0 2 18
8792 310 0 3 18
9198 311 0 4 19
9600 312 0 6 20
9999 314 0 6 20
10397 319 0 7 17
10798 326 0 8 15
11202 335 0 7 14
11609 344 0 7 13
12018 353 0 9 13
12431 361 0 10 12
12845 370 0 11 12
13262 378 0 10 10
13679 384 0 9 6
14093 387 0 5 7
14506 396 0 5 10
14921 406 0 6 9
15337 413 0 5 4
15752 420 0 2 2
16167 427 0 0 4
16582 436 0 0 5
16998 444 0 1 4
17413 453 0 2 3
17829 461 0 1 4
18244 469 0 2 5
18659 477 0 2 4
19074 486 0 2 3
19488 494 0 1 3
19902 503 0 1 3
20315 511 0 0 2
