947.3404541015625 281.7488098144531 4.4814769353251904e-06
604 285 0 0 1
659 284 0 0 1
729 284 0 0 1
818 284 0 0 1
929 284 0 0 1
1067 284 0 0 2
1236 285 0 2 2
1442 287 0 6 0
1691 289 0 6 0
1983 290 0 8 0
2321 291 0 9 0
2704 293 0 10 -1
3130 295 0 11 -1
3586 297 0 11 0
4049 298 0 11 0
4506 299 0 13 0
4957 302 0 13 0
5406 306 0 12 -3
5854 309 0 11 -8
6298 311 0 11 -11
6738 312 0 12 -12
7174 313 0 14 -13
7605 313 0 16 -12
8032 314 0 17 -12
8453 314 0 19 -12
8870 315 0 19 -14
9283 316 0 16 -13
9693 318 0 12 -8
10101 321 0 16 -5
10509 326 0 20 -6
10917 331 0 19 -8
11325 338 0 17 -6
11735 345 0 15 -5
12145 352 0 13 -4
12557 360 0 12 -2
12969 368 0 12 0
13382 374 0 12 0
13795 381 0 14 0
14207 387 0 14 -1
14619 394 0 14 -1
15031 401 0 13 -2
15442 409 0 12 -4
15853 415 0 9 -5
16264 423 0 7 -4
16674 431 0 7 -3
17085 441 0 6 -3
17498 450 0 5 -3
17912 460 0 3 -2
18328 469 0 2 -2
18743 478 0 1 -2
19159 487 0 1 -2
19575 498 0 0 -2
19993 508 0 0 -1
20411 518 0 0 -1
