952.44873046875 285.50433349609375 4.4941411943000276e-06
604 288 0 -2 3
660 287 0 -3 3
731 287 0 -3 3
821 287 0 -3 3
933 287 0 -2 3
1073 287 0 -2 4
1244 287 0 -2 4
1452 287 0 -2 4
1701 287 0 -2 4
1993 288 0 0 3
2331 289 0 0 2
2712 290 0 1 1
3135 291 0 1 0
3587 292 0 2 0
4047 294 0 4 -2
4501 296 0 5 -4
4950 298 0 5 -4
5394 299 0 5 -4
5833 300 0 6 -4
6267 301 0 7 -4
6696 302 0 7 -4
7119 303 0 8 -5
7539 304 0 9 -6
7954 305 0 9 -8
8366 306 0 9 -8
8774 308 0 9 -8
9179 311 0 9 -7
9584 314 0 9 -6
9988 318 0 11 -4
10393 324 0 11 -3
10800 332 0 10 -2
11211 341 0 8 -1
11625 349 0 7 0
12039 356 0 6 1
12455 363 0 6 2
12871 370 0 6 4
13288 378 0 7 4
13704 385 0 7 3
14121 392 0 7 3
14537 398 0 7 3
14953 405 0 6 4
15368 412 0 5 4
15781 418 0 4 5
16194 426 0 5 5
16608 435 0 6 5
17023 444 0 5 6
17439 453 0 4 6
17855 461 0 3 6
18270 469 0 3 6
18685 477 0 2 5
19100 486 0 1 4
19514 494 0 1 4
19929 504 0 0 4
20342 512 0 0 4
