952.6444702148438 283.21270751953125 4.3136979002156295e-06
604 285 0 -3 -1
660 285 0 -4 -1
730 285 0 -4 -1
819 285 0 -4 -1
930 285 0 -4 -1
1068 285 0 -4 -1
1239 285 0 -4 -1
1445 285 0 -1 0
1692 285 0 -1 0
1982 286 0 0 0
2317 287 0 1 1
2696 288 0 2 3
3117 289 0 4 3
3567 291 0 6 3
4024 292 0 7 4
4474 293 0 9 4
4918 293 0 10 3
5355 294 0 11 3
5787 296 0 13 2
6216 299 0 18 -1
6645 303 0 24 -3
7072 306 0 27 -5
7496 308 0 29 -6
7917 309 0 31 -7
8335 311 0 32 -6
8749 312 0 32 -6
9159 314 0 30 -5
9568 318 0 26 -5
9978 323 0 21 -4
10389 328 0 16 -3
10801 334 0 12 -2
11212 340 0 10 0
11624 347 0 9 1
12036 354 0 9 2
12448 361 0 9 1
12862 368 0 8 1
13275 375 0 8 2
13689 382 0 8 3
14103 389 0 8 3
14516 395 0 7 3
14928 402 0 6 3
15341 410 0 5 3
15754 418 0 5 5
16167 426 0 6 4
16581 434 0 5 2
16995 444 0 3 1
17411 453 0 1 2
17827 462 0 0 2
18244 471 0 0 3
18661 480 0 2 3
19078 489 0 2 3
19494 497 0 3 2
19911 506 0 3 1
20326 514 0 3 0
