950.265869140625 280.1044006347656 5.549815796257462e-06
604 283 0 -6 1
659 283 0 -7 2
729 283 0 -7 2
817 282 0 -8 2
927 283 0 -8 3
1065 283 0 -8 5
1234 284 0 -7 7
1439 285 0 -6 9
1686 286 0 -3 11
1976 287 0 -1 11
2312 289 0 0 10
2694 291 0 3 10
3118 293 0 6 10
3573 295 0 8 9
4035 296 0 8 9
4490 297 0 8 8
4940 299 0 9 8
5384 300 0 9 9
5823 301 0 10 10
6257 302 0 11 10
6686 303 0 12 9
7110 303 0 13 6
7529 304 0 15 4
7944 305 0 17 3
8355 306 0 17 3
8764 309 0 17 0
9172 314 0 19 -5
9582 320 0 21 -9
9994 325 0 20 -10
10408 331 0 18 -10
10823 336 0 15 -9
11237 342 0 13 -8
11650 347 0 11 -7
12062 353 0 10 -6
12475 360 0 9 -5
12887 367 0 8 -5
13299 373 0 8 -4
13710 380 0 8 -3
14121 386 0 8 -3
14533 394 0 8 -4
14945 402 0 5 -4
15358 410 0 3 -2
15771 418 0 3 -1
16185 427 0 3 -1
16601 437 0 2 0
17017 446 0 2 0
17434 455 0 2 0
17852 464 0 1 0
18270 472 0 1 0
18688 481 0 1 0
19106 490 0 1 0
19524 499 0 2 -1
19942 508 0 2 -1
20359 517 0 2 -2
