948.7554931640625 283.641845703125 3.678184839372989e-06
604 286 0 -7 6
660 286 0 -8 8
730 285 0 -9 8
818 285 0 -9 9
930 285 0 -9 9
1068 285 0 -9 9
1238 285 0 -9 10
1445 288 0 -6 15
1694 291 0 -4 17
1989 292 0 -2 16
2329 293 0 0 14
2715 294 0 2 12
3142 295 0 2 10
3598 296 0 1 9
4062 298 0 0 9
4521 300 0 3 8
4973 301 0 4 7
5420 302 0 4 6
5860 302 0 4 6
6295 303 0 5 7
6726 304 0 7 6
7152 306 0 10 4
7574 308 0 12 3
7994 309 0 12 4
8409 309 0 11 3
8820 310 0 11 0
9227 311 0 10 0
9630 313 0 12 1
10031 315 0 15 1
10431 318 0 14 0
10829 321 0 12 0
11225 328 0 12 0
11625 339 0 12 0
12032 354 0 10 0
12447 363 0 7 0
12862 370 0 5 0
13277 375 0 5 2
13691 382 0 5 2
14105 389 0 5 4
14520 398 0 7 4
14935 405 0 6 4
15350 412 0 4 3
15765 419 0 3 3
16179 427 0 2 4
16594 436 0 2 4
17009 444 0 1 4
17424 452 0 2 5
17839 460 0 2 5
18254 469 0 2 5
18669 477 0 1 5
19083 485 0 1 5
19497 494 0 1 6
19910 502 0 0 6
20322 509 0 0 6
