945.838623046875 275.7694396972656 4.235763753968058e-06
604 279 0 -4 0
658 279 0 -5 0
726 279 0 -6 0
813 279 0 -6 0
922 279 0 -7 0
1057 280 0 -8 1
1224 281 0 -5 2
1427 283 0 -4 -1
1672 286 0 -3 0
1962 287 0 1 2
2297 291 0 2 0
2679 293 0 2 0
3104 295 0 2 1
3558 296 0 3 1
4019 297 0 5 1
4475 301 0 7 0
4928 304 0 7 0
5378 307 0 8 -2
5824 308 0 8 -3
6267 310 0 9 -5
6707 313 0 11 -8
7143 314 0 13 -7
7576 315 0 13 -6
8005 316 0 14 -6
8429 317 0 16 -6
8851 319 0 18 -6
9269 320 0 19 -6
9683 321 0 19 -6
10094 322 0 21 -6
10502 324 0 21 -6
10906 327 0 21 -5
11309 332 0 21 -5
11711 338 0 17 -7
12112 344 0 13 -5
12516 354 0 14 -2
12925 366 0 14 -4
13337 374 0 9 -5
13748 379 0 10 -5
14159 386 0 9 -5
14570 393 0 8 -5
14981 401 0 8 -4
15393 409 0 8 -3
15805 417 0 8 -2
16217 426 0 7 -2
16631 434 0 5 -3
17044 442 0 3 -3
17458 450 0 3 -3
17872 460 0 2 -3
18287 470 0 1 -3
18704 480 0 0 -4
19121 490 0 0 -4
19539 499 0 0 -4
19957 509 0 0 -4
20376 519 0 -1 -4
