932.5826416015625 277.4317626953125 4.543617706076475e-06
604 282 0 -4 8
658 282 0 -5 9
727 281 0 -5 10
814 281 0 -5 10
922 281 0 -5 10
1058 281 0 -5 11
1224 282 0 -7 9
1425 283 0 -9 10
1666 284 0 -7 13
1950 287 0 -3 13
2280 290 0 -5 10
2654 292 0 -7 8
3070 295 0 -6 9
3517 297 0 -5 9
3971 299 0 -4 9
4420 300 0 -5 10
4863 302 0 -5 10
5302 303 0 -6 8
5735 303 0 -6 8
6163 304 0 -4 10
6586 304 0 -3 11
7005 305 0 -5 10
7421 307 0 -7 9
7836 310 0 -9 9
8250 314 0 -9 10
8665 317 0 -7 10
9079 320 0 -5 9
9493 324 0 -3 9
9908 327 0 -2 9
10324 332 0 0 10
10741 338 0 2 10
11157 344 0 3 10
11574 351 0 4 10
11991 358 0 5 11
12409 365 0 7 11
12826 371 0 8 10
13244 378 0 8 9
13662 386 0 8 9
14080 394 0 7 10
14501 404 0 8 11
14922 410 0 8 11
15342 418 0 7 11
15762 424 0 7 10
16180 430 0 7 8
16596 436 0 6 7
17011 442 0 7 6
17424 450 0 8 5
17838 459 0 8 2
18251 467 0 5 1
18664 474 0 3 0
19076 484 0 0 1
19489 493 0 0 1
19902 502 0 -2 2
20315 511 0 -3 1
