951.45751953125 285.0214538574219 4.213635747873923e-06
604 288 0 1 0
660 287 0 1 0
731 287 0 2 0
821 287 0 2 0
933 287 0 2 0
1072 287 0 2 0
1244 287 0 2 0
1452 287 0 2 -1
1700 287 0 2 -2
1991 287 0 2 -2
2327 288 0 4 -3
2707 289 0 5 -3
3128 290 0 6 -3
3578 291 0 6 -3
4036 293 0 6 -4
4488 295 0 7 -4
4934 296 0 7 -4
5376 298 0 8 -3
5814 300 0 8 -3
6248 302 0 8 -3
6679 305 0 8 -2
7107 307 0 8 0
7533 309 0 8 1
7955 311 0 9 2
8375 312 0 10 2
8791 314 0 10 3
9203 315 0 11 4
9613 317 0 12 4
10020 320 0 14 6
10427 324 0 15 7
10833 330 0 13 8
11241 337 0 10 10
11649 343 0 10 10
12058 351 0 10 8
12468 359 0 9 6
12880 367 0 8 6
13293 374 0 8 5
13707 382 0 9 6
14122 391 0 11 6
14539 400 0 9 6
14957 408 0 7 6
15375 415 0 5 7
15793 423 0 3 8
16211 430 0 3 9
16628 437 0 3 8
17044 446 0 2 6
17462 455 0 1 6
17879 464 0 0 6
18297 472 0 0 5
18714 480 0 -1 5
19131 488 0 -1 6
19547 497 0 -1 7
19963 505 0 -1 7
20378 513 0 0 7
